#Haloes of approximate mass 10^15 Msun/h.
#First number gives the number of haloes.
#Haloes are preceded by a hash symbol, coordinates x(=r/rvir), phi and theta (in radians) for each satellite in that halo (if any) follow.
2
#
0.78336043   0.85125870   0.85500888
0.99833726   1.9394623   2.0552595
1.0523991   0.29890746   0.77529356
0.61402971   2.3874775   0.85668728
0.47722253   3.1214230   1.1069411
0.78289838   0.71660218   1.6674876
0.65264496   4.0543491   0.57442715
0.32885678   4.2930482   0.13508523
1.0027845   3.0181986   1.4954229
0.54307592   5.1527175   1.0780488
0.46509304   5.6484643   1.6899492
0.19845778   2.6544026   2.1582156
0.41442954   5.8654873   1.3625437
0.30291156   1.9959547   0.36857325
0.89452071   0.66848011   1.6342799
0.21678516   0.13460678   1.5132639
1.4725962   6.2003587   2.0812592
1.0505983   2.3467908   0.81910113
1.0772530   1.0167216   0.92033290
0.77345494   0.76450444   1.9328955
0.15535682   5.4774226   0.83334306
0.67171379   2.2141106   1.3732032
0.43882253   2.4269647   1.7814728
0.056660576   4.1768354   0.59301921
0.67738578   4.8838574   0.24758348
1.1186729   4.8502303   1.5716647
0.28985008   2.8232180   0.25783428
0.98091806   2.7079964   0.22772221
0.92638346   5.1354501   1.8771264
0.50703366   5.0237432   0.48025864
1.1341799   5.6927846   1.4092824
0.45011835   3.7730917   1.1802262
0.50937647   2.7235083   1.6955479
0.43459034   5.2604195   1.9489862
0.14740191   3.1039277   0.52517057
0.34325918   4.5863956   1.2812587
0.87754165   0.51533272   1.7599610
0.16851302   2.3189045   2.5798551
0.80509475   5.1743683   0.52329259
0.45968207   0.63801394   1.6223442
0.43248891   0.61969101   1.0008536
0.49985662   4.2368946   1.1028103
0.12885342   2.9711034   2.7732002
0.66689823   1.1836410   0.35974537
0.23086796   0.080885715   1.6147888
0.64108631   5.4127978   2.2812952
0.67978134   0.65342662   1.5632139
0.87025619   4.3741808   2.3216534
0.72077627   4.0097332   1.7459169
0.41466970   2.0882071   0.70079317
0.40156296   6.1451980   0.58428771
0.60403024   6.0542550   1.2053665
0.53006943   3.6802749   1.2998404
0.87470362   1.8632059   2.3192903
0.63456232   1.3046240   1.2394219
0.95151714   5.2381841   0.94384702
0.56354952   2.3239106   1.9563442
0.81996875   5.0877688   2.0659612
0.95191414   2.0844640   1.1057969
0.51420758   0.54202181   2.5597947
0.99568344   5.8482609   0.43343634
0.10560142   3.1386176   0.59791711
0.61278622   2.7690034   1.4301259
1.6392737   1.8190539   0.78583662
0.19513154   5.5675639   1.0454873
0.56081199   4.7543958   2.0538353
0.53768728   2.7812564   0.99712740
0.90061755   1.4266364   2.2350581
0.097450376   0.70024923   1.3718778
0.55217081   4.4950190   2.1428768
0.22615550   0.65120597   1.3742157
0.56847782   4.0570070   2.0017035
0.68315568   3.3091290   1.3774634
0.72610384   3.4118335   2.1229756
0.69250193   1.1384488   0.62362518
0.27841876   3.3805228   0.31335929
0.62822893   5.9566784   1.5525412
0.73900989   0.58452350   1.2481059
0.83567111   2.8399969   1.4480769
0.69759057   5.0789413   0.36021613
0.61074727   5.4247560   2.0880721
0.92062708   0.43361367   0.47021158
0.56118853   2.1285695   1.1740938
0.33819529   5.0798404   0.96218648
1.0158790   3.4504677   0.62143244
0.71346577   2.6108769   0.79195349
0.76076441   5.3392503   2.3699677
0.18398072   5.2991566   1.5924795
0.25715109   4.0178260   1.1796008
1.7752799   2.8172581   0.25097896
0.87317659   2.0178326   1.7660747
0.57342328   0.77438737   0.60143130
0.50890842   0.18448387   1.4516932
0.61643254   4.6314695   1.6053787
0.93570634   4.9267622   0.51178344
0.54238698   6.2092654   0.75503526
0.35916865   6.0667523   1.1465002
0.66321373   1.5998574   1.5512366
0.81003915   5.2777086   1.5682933
0.99395117   3.6013834   1.6605344
0.54857691   0.14384179   1.8537997
0.89235738   1.2730845   2.6870057
0.25932294   4.1502230   1.5227267
0.40851173   4.4528172   2.5505094
0.84032240   5.1062476   1.1967840
0.49810598   2.5983657   1.2327454
0.71435419   2.4390699   0.40230137
0.83512082   3.7084908   2.1684248
0.82316925   4.3418191   1.6293224
0.99773512   3.9863305   0.93598984
0.95556137   6.0087032   1.4380540
0.28245695   0.71406139   2.4636822
0.97008050   2.2374083   1.5630715
1.0596170   2.9200908   1.5745070
0.96960515   2.8811907   0.53521936
0.76475907   1.8123091   2.2797178
0.23101189   4.1104770   0.63887316
0.57949609   1.8105024   1.5131036
0.81237331   4.7570065   1.6146930
0.22267085   2.8109977   1.4855066
0.54717380   2.3338424   1.9193599
0.47406123   5.3363992   0.68590864
0.31270900   5.5943381   2.0208278
0.70108328   2.8080245   1.2637871
0.56101642   0.35091250   2.8694802
0.41659154   2.3943902   2.4947091
1.0140439   5.0695522   0.29284311
0.29158778   5.9801532   2.1484159
0.21289109   1.2950802   2.0178066
1.4143883   1.1053562   1.2805983
0.81770552   4.9799344   1.1304139
1.3465256   5.1972559   1.5869788
0.50170934   2.9777520   1.5520026
0.27469729   0.97921384   2.7980365
1.0423964   0.55204820   1.3416237
1.1236742   0.87415515   2.3204497
0.36833664   5.9191337   1.5960255
0.40222825   4.5933086   1.5933711
0.69938901   4.9820258   1.5756719
0.64430810   3.0688327   2.1328055
0.59285117   2.9953793   1.2783451
0.54028192   2.2629172   1.9077880
0.33814800   4.8037209   2.7539118
0.83381499   0.87281525   0.72775375
1.2230233   5.2135540   1.0421200
1.2200811   1.5375525   2.5751346
0.13140692   2.5039380   0.51544975
0.93201814   1.2715874   2.3202746
0.34078106   0.26560960   2.1968557
0.80947383   1.8470200   2.6924925
0.51169167   4.8790907   2.2004531
0.16706048   1.6051938   1.9203111
0.78319476   6.1271712   0.14555713
0.34764746   4.3454351   1.8244804
0.50591612   6.2624009   1.7584972
0.88759951   2.9397885   2.4161953
0.58424446   4.9095386   1.0469490
0.38436065   1.5404095   1.4942971
0.42667077   6.0723944   0.52125462
1.5362859   1.8783847   2.8288717
1.4569749   6.2286101   1.4377549
0.15089714   4.3459834   0.31073936
0.32957357   4.0519318   0.59522447
0.30217586   6.2660085   0.71006077
0.49066387   5.7350155   1.7223326
0.57590282   1.1990834   1.4606957
0.22749339   4.9420535   1.3095093
0.41993393   5.4728676   2.7408361
0.51746552   2.5309444   2.1199473
0.68741281   5.8770487   2.3389364
0.83080038   5.1992877   2.9022153
0.21749511   4.6967667   1.9159234
0.22198653   2.7479348   1.6278292
0.20439707   0.48799194   1.0534481
0.10540606   4.8906853   1.9002158
0.48862891   3.0492620   1.7520667
0.50844074   3.8662326   1.9086488
0.072192941   5.7942099   0.77102856
0.65592316   2.2652555   2.2463760
1.2257808   1.6429149   1.9477458
0.29096857   3.7256409   2.1900120
0.46847854   5.6828094   1.9691806
1.0945237   5.7355771   1.9209710
0.63472328   5.9599800   2.0554437
0.11594633   3.0492702   1.6666930
0.98397778   5.7343132   2.4219074
0.57544959   6.1098548   1.0117904
0.065096207   3.1161899   0.95051739
0.86845062   2.4300842   0.38053931
0.20257670   0.82195255   1.0700592
0.51241249   2.0890542   1.5770000
0.35673556   0.62210337   2.2811176
0.57089177   2.1677107   1.4334521
0.10987410   2.1638383   1.2837258
0.25448462   1.0967633   1.1858008
0.65544952   4.1035273   1.1199031
0.82217014   4.4536304   1.9838119
0.19645600   2.3680392   1.9965228
0.48574301   5.9101839   2.4627620
0.50705488   0.54494125   1.6995671
0.60624261   4.4608842   1.6707916
0.23980358   5.7218513   2.2614508
0.77044694   0.46760111   0.57272712
0.10032921   3.9878009   0.98073950
0.78793166   0.24153550   2.3928099
0.74429655   0.17077043   2.6145144
0.82047111   4.2622785   0.52070173
0.56255678   5.8905113   1.3368826
0.58654855   1.3367151   1.5781527
0.49533913   5.7609293   1.9276928
1.4675113   1.7704172   1.5729520
1.3013718   3.5897700   2.2706019
0.71664621   6.0508715   0.96096153
0.79004235   3.6294611   2.0520979
0.76185447   0.44539831   1.6247115
0.86927074   4.0349730   1.6302227
0.56324933   5.0236516   2.2337067
0.10361367   4.9766966   0.33658601
0.52121889   3.6811750   0.32877233
0.44618518   3.1769947   1.5341559
0.45918961   3.4603105   1.9676371
0.76081074   4.2286784   1.2809788
0.63724178   6.1007000   1.7934798
0.41135475   3.1671260   2.4255019
0.97557709   4.2993919   2.8898331
0.51281695   4.9171158   1.7771531
0.89257654   2.1769418   1.8293896
0.62732932   0.20034950   1.1229958
0.45405673   3.6282916   1.9759477
0.17345784   1.2288809   0.41970030
0.31852808   2.9437013   1.6116882
0.47401952   2.3734110   2.1735611
0.68896518   3.7959666   0.83286844
0.14870961   3.7888562   0.48122412
1.1147988   6.0660021   0.75176148
0.90783580   0.97640489   0.31179618
0.67610675   1.5447564   2.3243347
1.6743585   3.1723567   0.94127748
1.0382049   3.5100824   2.8092093
0.12202359   4.7934092   1.7287509
0.40071183   1.4618822   1.4806360
0.43898229   2.1258085   1.2840234
0.68117050   4.9604433   0.85191114
0.46172191   5.8853069   1.3930272
0.31379112   5.9319331   1.3938108
0.44982714   4.5176685   1.7472772
0.47745249   5.9839940   0.46473661
1.1011521   5.5482010   1.1153965
1.1112637   4.6531477   1.9314657
0.51653496   2.8571188   0.54540426
1.0055825   1.5039786   1.1624812
0.74650920   4.2883269   2.4835117
0.57407913   3.3998205   2.5225792
0.93954519   3.3198352   2.2461947
0.54050976   0.36666003   1.9804952
0.65020218   5.3466593   1.7648864
0.56376315   3.4034514   1.7107401
0.54189606   5.1160240   0.91665495
1.1214125   2.9046020   1.6999160
0.085970404   3.4056162   2.0796138
0.72140704   4.6192138   0.92294914
0.27410649   1.3660435   1.4022330
0.51297887   5.1404612   0.66646062
0.43257391   1.0867175   1.5373351
0.65249301   1.3992506   1.1363538
0.98156795   4.1463279   2.7479048
0.95091285   0.60905417   1.9000144
0.44013366   5.5930115   1.3856535
1.1108776   1.2489583   1.6019644
0.27036443   4.3514631   1.4897323
1.0654914   2.9674729   2.2038636
0.53818546   3.1032376   1.6261034
0.11298562   4.7609518   1.7334290
0.40559949   0.34110718   2.4375197
0.68422713   1.4831927   2.0074207
0.93999527   1.9575557   3.0454375
1.0808762   4.5132352   0.85194037
0.85474499   5.5849168   1.0872156
0.65829517   5.9996053   1.8919383
0.98502247   1.2582680   0.70670462
0.43843526   0.38125947   2.2716723
0.52368129   2.2451450   1.8313829
1.1799876   0.72764868   0.060151091
0.81475989   0.77458766   1.3671834
0.54714631   3.5913133   0.72233332
1.1828830   3.2539916   1.3221415
0.51429929   2.1431268   1.1677544
0.10500914   3.7565269   2.0769347
0.43436922   5.8922548   1.6139897
0.34495205   2.5689460   1.1147657
1.1477056   2.6718373   0.99499853
0.34448044   2.7197876   0.66952261
0.25825141   4.4920797   2.9444087
1.2517647   0.18850407   0.20147479
0.33349998   3.5262204   1.5690700
0.91886097   4.5944108   2.4079403
0.41963048   1.2827681   1.3797277
0.88957567   3.3102133   1.6616080
1.2516403   4.3221729   1.7630847
0.42744538   0.35434217   1.1913044
0.59623735   0.54321618   1.3659086
0.86980455   5.5322852   2.4430318
0.24440810   3.3505880   2.5209639
0.38610519   0.50926145   1.7121161
0.13754951   1.0730174   2.3011538
0.67783641   3.7979414   0.62678276
1.2412159   5.2563288   1.7215099
0.70375847   2.7005513   1.9813265
0.77640853   0.32254472   1.6165979
0.47272329   1.9002236   0.78101505
0.96842987   3.9822032   2.2330745
0.32701976   0.78788667   1.1738937
0.79580714   6.1528402   1.8290867
1.1699658   1.7527320   1.6290397
1.0397011   5.5522528   1.5038700
1.3830452   2.6631819   0.76693886
0.60873162   1.4666464   2.0308095
0.70576603   0.44276700   2.5895518
0.30212871   1.3325675   1.2835666
0.56074556   0.78858976   1.4297837
0.29996123   4.7546331   2.4822595
0.30226470   3.5681791   1.8784844
0.63949220   5.5213094   2.1397054
0.67548925   4.3376209   2.6370434
0.55883916   1.0986666   2.7842896
0.74190096   1.1871724   2.7524627
0.91876789   2.6258173   2.5315988
0.42923062   5.4350842   2.6183013
#
0.26842013   6.1326678   1.2228986
0.35466515   4.7922397   1.2798046
0.73445238   3.8121472   0.88246443
1.1802129   1.2274433   0.20123995
0.36758536   4.6975087   2.6593346
0.59274575   2.4106629   2.0399631
0.80643872   1.1003428   1.1170733
0.31902519   0.79590367   0.77123908
0.73269586   0.86121008   1.5078924
0.75029602   3.1943491   0.46767012
0.18111708   3.2759839   0.45070247
0.67079523   1.4639513   2.4624973
0.81504721   5.1719637   1.5668378
0.18760078   0.82204706   2.3063049
0.57746601   1.5004543   1.9551515
0.70826620   0.019257336   1.1702579
0.66437259   0.42817459   1.7318405
0.90692312   4.7897722   2.0447355
0.48430141   4.3192185   0.58625337
0.28510283   0.91510625   1.8920281
1.0693767   1.9884657   2.0252690
0.62580766   3.1052810   0.59217724
0.37783118   3.9839790   2.1623347
0.54345137   3.9560796   0.98093190
0.36958001   4.9163038   0.61313450
0.90089625   1.9437634   2.1116287
0.65062708   4.4807770   2.1412849
1.1760478   1.2295562   1.7288612
0.55960972   3.7341477   1.9955926
0.23475728   3.8627089   1.9811246
0.33047303   4.0395181   1.1741092
0.30637144   6.0486504   2.0240978
0.90113950   3.2656587   0.88684823
0.30839607   4.3723949   1.0394147
0.070700791   1.1538461   2.1306026
0.12966309   4.1550916   2.2554268
0.43992188   2.9847919   1.9132850
0.70877198   5.8170027   1.9525788
0.70642427   5.6388333   0.23872187
0.47480563   2.0998690   1.8743343
0.60226392   5.4530666   1.7663280
0.84674127   5.0558076   0.23173410
0.47960544   1.3704064   1.6707720
0.60083626   1.7605620   0.90847022
0.16411831   0.50584753   1.4786393
0.81398190   1.4178983   1.8215617
0.45182650   2.0172188   1.0851141
0.33041012   0.65763033   2.3998406
0.47911530   4.6461085   2.0821141
0.45901048   4.7718054   2.4366895
0.11847237   0.81304774   0.95941525
0.27344636   2.3183902   2.0299469
0.59230113   3.2687028   0.90605356
1.2475797   0.38035497   1.1220061
0.35624086   5.4483348   2.1220951
0.51696987   4.0572251   2.7516709
0.29567358   0.043469638   0.27560673
0.81461941   2.0587936   2.2075534
0.72386673   0.097558321   1.4224791
0.62919164   1.7374922   1.3431060
0.76713614   2.9310098   1.5182100
0.29949698   0.82306940   0.86342198
1.0133541   0.37683359   1.0777300
0.44033040   4.0206093   0.80064260
0.25330920   2.3136455   0.99154063
1.3808781   5.6121567   0.75934653
0.74819228   3.6121856   1.7548430
0.86868168   6.0984376   1.6659774
0.39189596   0.86013053   1.6556746
0.69951318   2.4154329   1.9641939
0.25853215   1.7653209   0.76917824
0.72407718   2.0733112   0.57503702
1.2123939   2.0287499   1.5129479
0.45109615   5.7794100   1.2733493
0.29213178   4.6723445   0.54399095
0.75006928   3.5326807   1.8143796
1.0897887   2.1676262   1.3619136
0.51604939   3.2561379   1.4778577
0.52726342   3.9480392   0.95689307
0.55158743   0.19960924   1.1859818
1.6482446   5.3471886   0.44231041
0.16658216   5.9242729   1.3956965
1.5168732   0.41975986   1.8819109
0.92758202   2.9348749   2.2048136
0.49796789   5.9697316   2.2650322
0.46620434   0.056501534   2.5814269
0.57029545   3.3839186   2.9391988
0.28822983   4.1640517   1.3813250
0.18854500   4.6714059   1.0073148
0.83689956   4.7403647   1.5347608
0.20474032   4.2157738   2.6743195
0.80401565   3.2872922   2.5953854
0.65794986   5.4170951   1.3765758
1.0599209   6.1087846   1.9652035
0.79353577   2.9491900   2.9944939
0.56288620   5.2197951   2.4057178
0.88147581   0.89255803   0.32249797
1.3186178   3.5228105   0.44092685
0.83042233   3.0337139   1.3031027
0.10243690   1.4160772   2.3394014
0.32269196   1.2145763   0.99083692
0.94755492   1.4123135   1.0280998
0.19129465   4.4088352   1.4359815
0.23101262   0.81023472   1.4345628
1.3526043   4.0586676   1.0870541
0.69835221   5.7700867   1.1432664
0.29278797   2.5895641   0.68183108
0.97478984   4.0456362   1.7654906
0.70069561   1.4237402   1.7340937
0.41892040   6.1465886   1.9318456
0.82266497   1.6428940   1.1195084
1.0171799   4.4142572   1.1964630
0.22835196   3.5949123   2.5436124
0.85119737   1.3776662   2.2182567
0.29986571   5.3528478   1.7413794
0.52714527   5.5138306   1.6176602
1.2802383   0.079277003   1.3931282
0.36608052   0.91782033   0.78276949
0.23420618   3.0993185   0.71995587
0.61727636   0.83585987   1.6721236
1.0951026   3.6286734   1.3620434
0.49549739   4.4641455   2.1039559
0.81223058   5.1972856   2.9360065
0.82895517   4.6846480   1.9703083
0.22705753   1.3705107   1.4516348
0.25731462   6.2412388   2.4280545
1.0501803   5.6779615   1.7875188
0.34190582   4.1975543   2.4937588
0.24953449   4.2001563   2.6262232
0.76764948   1.3132990   1.2254876
0.75675156   5.4537243   0.67389182
0.23580541   4.5338512   1.7350398
0.54941599   3.3240319   1.0013725
0.16945221   1.0392588   1.7986883
0.50515958   6.1443992   1.0204661
0.28645616   5.9097405   1.1436282
0.73016583   5.1930455   1.7456060
0.44857819   5.8193101   1.9193176
0.60361280   4.7271008   2.6131032
0.52394918   5.7504931   1.0505686
0.16681905   0.60371959   2.7903079
0.32631295   1.6016470   1.5788285
0.88983043   1.3436022   0.44587199
0.35781206   0.40990517   1.3130116
0.75262624   2.0079472   2.7310848
0.57728844   0.022177366   2.5981687
0.65341989   4.9764803   2.3953041
1.7853032   4.9601206   2.1782976
0.17978213   4.8144993   1.5394163
0.072879392   0.69428293   1.7688143
0.59621655   4.9086207   0.51185973
0.67612282   5.2890006   0.42215306
0.84759510   6.0512340   1.3351681
0.68760818   6.0383044   1.8622104
0.56486407   3.8117977   0.41793481
0.49882367   5.7278090   0.90700949
0.59686633   1.8446225   1.2495285
0.70669222   6.0324557   1.8499890
0.37027444   1.4645986   2.3891665
0.31906346   2.0840580   0.45680948
0.68359690   0.52189351   1.7682662
0.74107259   5.8113834   1.8724935
0.68629946   3.1298145   1.2158250
0.61762856   0.072639659   1.5679489
0.31081132   0.70975637   1.6646356
0.56828951   3.9901970   1.0947822
0.087349345   3.5888700   1.2203393
0.78692642   5.5840633   1.5167656
0.43960244   1.4307622   1.9764853
0.21458262   2.2643831   1.3107013
0.85993413   1.3978139   2.0763539
0.65498404   1.0885129   2.3049030
0.28065911   5.0108712   2.3458210
0.67171625   0.51733890   1.7296906
0.65808503   4.1119034   1.5418833
0.80634917   3.1808675   1.7126559
0.93546867   0.25545516   1.6977212
0.38220415   5.4346281   2.0573290
0.21014832   4.3047963   2.5279396
0.21230389   0.19297687   2.6257199
0.73320882   0.74661954   0.53604200
0.35730876   1.2934384   0.44712751
0.76977692   2.5579792   2.2691694
0.24765375   5.5602400   1.6424794
0.41975947   4.6261844   1.6594371
0.23807299   3.1844028   1.8063246
0.25780408   4.9364275   0.50750883
0.73866022   1.7974051   1.8571750
0.45117271   1.0337222   2.2805931
0.15065246   4.3084615   1.7120834
0.79143614   2.6583701   2.4582789
0.58060699   4.2808911   1.2168634
1.0064005   3.8590778   2.1900707
0.61311399   2.9487398   2.5993549
0.47767752   3.6089364   1.9969056
1.0349604   4.7500720   0.69469976
0.69663080   2.4561807   1.4826694
1.1543694   5.5155383   1.1819572
0.24032919   2.3499149   2.1155743
0.76817782   4.6259090   2.0649743
0.71447906   2.6773539   2.2574722
0.62151716   0.64184246   0.70837674
0.51442218   1.3274900   0.81103267
1.0219593   1.5656687   1.3431544
0.37893813   0.33653650   0.77800302
0.65937538   4.7142858   2.4965773
0.25151519   5.5196809   1.6793979
0.46346498   4.6863689   2.2144863
0.63631650   5.5378482   2.3801572
0.29790906   4.8579375   2.2586550
0.028822907   1.9470039   1.5919925
1.0975677   1.4133548   1.4527176
0.14074662   4.8532961   0.23462972
0.61746740   6.2275250   0.96914845
0.38219640   3.1428388   1.0274290
0.43684257   5.0988892   1.2478961
1.2818070   3.2113294   1.1769811
0.84122775   4.3495365   1.8006815
0.67951705   4.0467534   0.75723588
0.65203511   4.3276577   1.0209316
0.34636810   6.0038010   0.80676108
1.4181192   6.1826212   2.3388385
0.17961984   2.4884393   1.9903689
0.44610769   2.2058485   1.9673195
0.33230467   4.7894044   1.2693069
0.53348562   1.2116926   1.5297031
0.95648894   2.6241228   2.6375527
0.75571170   5.5997107   0.48999030
0.44762526   0.36139668   1.1151430
0.34642593   2.0296352   1.1485601
0.27989285   3.6303271   1.0375557
1.0333611   2.1125101   1.8034626
0.37807799   1.4721252   1.9083181
0.79911596   0.25785991   1.5646043
0.58255887   3.8659303   1.4155330
0.63336504   1.1022680   0.80021328
0.82562859   1.6840488   2.8722581
0.46957588   4.7750283   2.3401885
0.54211328   4.1569734   2.1779208
0.69345667   4.2272654   2.4737752
0.97375671   6.0381692   1.8708929
0.58035987   2.7920983   0.62514353
0.78310088   6.2189397   1.9438786
0.63498085   5.9247408   1.3859797
0.44014495   1.9983677   0.39732515
0.35808780   3.3336843   1.1368118
1.2006705   2.0073611   1.1459745
0.35044365   1.2653961   0.68716609
0.39698470   2.8698380   2.3073992
0.70213239   4.1407136   1.5063597
0.57496221   1.0167232   0.73571627
0.72644073   5.3588901   1.7688109
0.30045359   6.0013180   1.2020087
0.21334344   5.5578928   2.3549800
0.50965327   1.6298733   0.44239022
0.28332154   0.44356677   2.6474843
1.1644719   4.4797342   1.8690036
0.63999292   3.5034209   2.2030264
0.25488030   0.11059910   1.5841699
0.22984439   0.61172277   1.3768099
0.71066711   3.4900320   0.57052527
1.1326716   3.0475887   1.5911466
0.76469320   1.2991074   1.4542301
0.40510023   0.44599511   1.7702148
0.75933850   4.1938995   2.1349536
0.78186606   2.9488078   0.81803675
0.67891728   1.8807152   0.21005932
1.0562028   5.9846915   0.86799016
0.96841394   0.89719009   1.1160953
0.55129885   3.8845582   1.5646408
0.65472051   1.3188043   1.0506757
0.072702101   0.71053260   0.80196563
0.61044908   6.0562936   2.1630591
0.24767434   3.5225633   2.1842767
0.22324978   3.3120684   1.9717274
0.67684166   3.2657201   0.81270005
1.2350010   5.6104693   0.99356552
1.0340497   5.1910136   0.75023734
0.30540987   2.8674527   1.9926548
0.65372137   0.35069519   1.7636793
1.2963254   5.6492385   2.7419635
0.48768445   3.6843953   0.13967243
0.33535247   6.0469534   0.63876940
0.31733571   0.98134635   2.0649044
0.50821175   1.0926724   1.3503430
0.61488347   0.083830154   1.8233986
0.12235347   1.6063178   1.1461396
0.54611490   0.20886807   1.4568466
0.88526309   1.0650757   2.8388951
0.87059795   2.6755173   2.0674224
0.44548758   0.59569499   2.1514319
0.32252628   3.9868657   1.0670973
0.49940965   1.0080486   0.79310003
0.12124229   0.57695936   0.64111562
0.46932239   0.59467253   1.6794573
1.2379721   5.6945830   0.94198277
1.0718246   2.4056078   0.61976398
0.53967571   2.3004945   0.41528009
0.17234507   3.6794289   1.0995079
0.91271929   5.3305331   1.7910756
0.78403859   4.4121009   0.70874057
0.26924995   1.8169681   1.2739076
0.56561765   1.4445180   1.8130081
0.33642220   4.0731439   2.1811471
0.65798181   1.8833210   1.1472242
0.86380038   2.9905755   0.73353526
0.96622773   5.4349520   1.3979448
1.0647832   2.5937228   2.2981805
0.74537279   3.2497392   1.2967858
0.61657115   5.7929694   2.8940404
0.37830576   4.0611732   2.4581047
0.97226209   1.8860482   0.77946647
0.93614658   0.39134825   2.3851438
1.0561826   1.0896877   2.2146089
0.29735667   3.4556976   1.0144671
0.16343479   1.3169754   1.6052441
0.58613267   2.0999200   1.2244331
0.59808797   2.6097066   2.3937050
0.28829173   0.067437261   0.98297685
0.93228631   2.5074982   1.6732114
1.1573560   3.3850034   1.6764147
1.0049234   0.70775318   2.6194061
0.60868695   5.2639739   2.4199975
0.59159393   4.8274601   1.2325078
0.78832097   3.0386616   2.1229255
0.40091929   3.6012871   1.8103709
0.81302224   4.5647648   1.3503205
1.2684412   5.3706447   0.23184448
0.74199450   6.1763349   2.7910882
0.090938598   5.6595062   0.77691219
0.61330933   2.1908082   2.4322731
